<Phenotype>				
taxa	data	data	data	data
Taxa	BranchNum	DTA	NIRProtein	FER
33-16:250047984	26.89227011	79.5315	13.7958	2.9347
38-11:250040073	23.50538594	81.4351	15.8186	3.316
4226:250040088	27.4211872	70.1606	14.2701	2.6481
4722:250040158	23.29043984	79.8069	14.1021	3.5521
A188:250040019	26.57527274	65.5201	14.572	3.9749
A214N:250040084	19.18839159	88.3239	12.8305	2.9739
A239:250047930	17.55479231	71.6431	12.8526	3.5963
A272:250047954	23.03287521	73.7469	NA	2.9843
A441-5:250040026	24.53287244	79.9385	14.0993	3.2459
A554:250039788	21.86415954	64.447	16.1615	3.2386
A556:250040185	19.05543365	69.1239	12.9213	3.0939
A6:250040034	26.8882704	88.6308	14.0811	1.998
A619:250047940	20.54143245	71.7472	13.8584	3.4276
A632:250047950	19.81164384	69.6655	13.9388	3.0087
A634:250040129	16.7388033	70.0445	15.4798	3.5926
A635:250040198	20.61550251	73.8277	13.6656	3.1515
A641:250040046	16.16130514	66.2311	13.5831	2.7448
A654:250048009	15.73112063	64.1379	15.3962	2.9067
A659:250039829	20.90966077	66.274	14.8498	3.4541
A661:250040149	17.01858798	64.8066	15.5022	3.2662
A679:250040001	19.2914209	69.9	14.4619	3.1755
A680:250047931	19.18958806	75.4611	13.1849	2.9334
A682:250047957	15.47831397	67.4942	12.463	1.9521
Ab28A:250040159	23.07427637	85.5637	15.1159	2.6586
B10:250047991	23.85031883	78.2086	13.3084	2.6029
B103:250040806	6.03897859	70.52	13.9632	3.435
B104:250047938	21.48052752	74.312	11.874	3.0486
B105:250040023	22.76926841	77.5288	14.1842	3.5364
B109:250039749	18.84989871	73.7693	14.2273	2.6934
B115:250040029	25.6709724	77.3684	14.5472	3.3981
B14A:250040044	18.46630998	73.5596	14.6848	3.5262
B164:250040176	26.20851661	71.6965	13.0559	3.1699
B2-good:250040187	22.44404312	72.9599	17.4596	3.8015
B37:250040081	19.98964595	74.3541	13.4238	3.1643
B46:250040209	21.11890107	74.8401	14.4645	3.6157
B52:250040039	17.67474155	80.7843	14.0232	3.6363
B57:250040068	28.46963946	73.4952	13.9834	3.2105
B64:250040027	15.59621594	62.5524	13.9785	2.8959
B68:250040182	22.5218637	77.2087	14.4094	3.5218
B73:250040827	NA	73.9506	13.0576	3.1841
B73Htrhm:250039750	18.01961339	75.0228	13.9805	2.9429
B75:250040146	10.28793172	72.2114	15.5099	3.0543
B76:250047994	18.21106592	72.677	14.0908	3.1209
B77:250047998	22.95465099	75.9594	13.9104	2.7235
B79:250040167	24.25997	76.029	13.4673	3.1683
B84:250047993	23.32948072	77.6815	14.8259	3.2049
B97:250040809	24.69636003	74.4548	12.3384	2.822
C103:250048011	23.82272361	75.5316	13.0394	3.2896
C123:250040062	25.55400164	71.6606	13.3845	3.3915
C49A:250040127	20.28412555	62.3996	NA	3.8069
CH701-30:250047933	19.53049018	69.039	14.4572	3.0681
CH9:250040206	10.44633251	70.2489	14.0707	3.1975
CI.7:250047981	21.36668574	80.5378	14.3604	3.498
CI187-2:250040025	26.54663692	81.4321	13.6385	3.2888
CI21E:250040015	20.53431349	78.0556	13.2028	3.4626
CI28A:250047947	23.02324575	78.9952	13.4133	3.531
CI31A:250040215	26.00851616	81.7893	14.9957	2.8534
CI3A:250047952	26.59883511	78.9739	13.538	2.2013
CI64:250040128	20.28281782	80.97	12.9002	3.9423
CI66:250047983	19.36696875	83.9278	15.1382	3.0078
CI90C:250040147	24.78680345	81.2374	13.4229	2.2382
CI91B:250040199	21.30596333	76.4275	12.5759	2.7246
CM105:250047997	15.26401583	63.8019	13.2388	3.8118
CM174:250047927	15.61000756	64.2072	13.8119	3.513
CM37:250040174	24.62885654	58.4032	NA	3.5482
CM7:250040047	15.3120507	64.6887	15.1666	4.1303
CML10:250040181	26.82685882	95.5257	13.6306	2.4239
CML103:250040815	24.2295173	82.6424	13.2652	3.1891
CML108:250040154	19.08772886	85.6764	12.643	2.8827
CML11:250040005	27.13353811	89.435	14.0258	2.4747
CML14:250047945	26.89568182	98.5718	15.4104	NA
CML154Q:250040190	25.2130341	81.8335	12.4983	3.5074
CML157Q:250048008	28.58624505	84.722	12.077	2.0837
CML158Q:250040066	28.75644789	86.7651	12.9985	2.79
CML218:250040138	27.59985156	87.608	13.5983	2.705
CML220:250047985	28.93613397	77.9566	15.0089	3.0954
CML228:250040805	22.48652346	92.5078	14.0231	2.3719
CML238:250047992	32.18764535	88.2992	13.9535	2.8906
CML247:250040838	24.00504154	93.468	14.616	2.2977
CML254:250040087	23.20231746	110.0487	13.2964	NA
CML258:250047962	27.98601532	99.1091	13.1459	2.5718
CML261:250040170	28.50657647	96.0538	14.0941	NA
CML264:250040021	27.19769835	104.5677	14.7784	NA
CML277:250040807	17.28809472	91.0846	12.597	2.9904
CML281:250047928	27.90437987	107.8667	13.8663	NA
CML287:250047941	25.32186363	98.2812	14.305	NA
CML311:250048014	26.57030736	93.1383	11.9383	2.7406
CML314:250040006	27.2874603	86.8477	15.2961	3.1989
CML321:250040080	22.01636484	94.277	14.056	2.2749
CML322:250040829	18.47224822	83.0012	14.6572	2.9071
CML323:250047968	19.09148445	81.9935	14.1276	1.9211
CML328:250040151	27.15669032	87.0208	15.1685	2.3946
CML331:250040037	25.50593881	90.4222	13.0167	3.0583
CML332:250047996	25.55280327	86.5061	13.7615	2.7035
CML333:250040811	30.98543092	84.6487	13.7694	2.4752
CML341:250040010	18.90687687	91.3162	14.6853	3.5663
CML38:250040177	26.1310121	90.9201	15.3748	2.1395
CML45:250039776	24.05916148	102.8462	13.6281	NA
CML5:250040818	20.16797913	99.3378	NA	NA
CML52:250040810	28.56951907	93.9143	14.1756	0.9602
CML61:250040175	27.33034777	121.2089	14.1701	NA
CML69:250040822	23.26947108	88.2839	13.5783	1.8748
CML77:250040083	23.92137092	85.2716	14.1222	3.8685
CML91:250048013	20.25989233	84.7883	14.0501	2.6542
CML92:250047942	25.81605005	82.2817	13.3856	3.1208
CMV3:250040191	18.15873093	60.0873	14.6189	4.3195
CO106:250047961	22.41271941	61.1984	13.135	4.3595
CO125:250047975	16.23466406	62.7082	15.3216	4.249
CO255:250040207	15.24307235	60.2498	17.0466	4.1662
D940Y:250040091	22.95599231	85.2878	14.9134	2.9653
DE_2:250047921	23.68783183	75.322	12.2542	3.1637
DE_3:250039761	23.50534525	76.4875	12.3777	NA
DE1:250040061	25.10008282	78.3746	13.5136	3.4223
DE811:250040133	18.133149	80.3352	15.7328	3.1635
E2558W:250040203	24.14081204	80.4846	13.1613	3.0846
EP1:250048006	22.87328919	62.597	15.6338	4.1391
F2834T:250040042	22.52817009	76.4487	12.3177	2.6256
F44:250040153	26.63854346	85.2042	15.1088	2.2643
F6:250047964	28.20064051	87.7961	15.323	2.5298
F7:250048005	9.128806261	58.5878	15.0583	2.8151
GA209:250040014	28.07070906	86.6377	14.1828	3.0656
GT112:250040054	25.97452449	89.4283	11.6494	2.5542
H105W:250040018	19.72502671	71.5868	14.0594	3.432
H49:250040032	22.252423	74.5126	14.5145	2.6663
H84:250040171	17.31155327	75.2896	14.4127	2.4281
H91:250047979	21.24864427	75.0683	14.5942	3.4667
H95:250039837	24.50253741	75.7784	13.3659	1.9136
H99:250040040	16.38919894	70.6708	NA	1.9514
Hi27:250040013	25.11314581	89.8459	14.9249	3.91
HP301:250040835	26.6174576	74.8536	13.2617	2.9479
Hy:250040035	22.8138753	76.0947	13.4174	3.6267
I137TN:250048000	25.02596146	81.1105	14.6323	2.6424
I205:250040145	19.92393878	74.1774	14.2207	3.6688
I29:250047999	20.53322716	67.4459	14.3423	2.8128
IA2132:250040837	24.38814593	69.4434	16.5812	2.634
Ia5125:250040164	25.44070045	71.6435	NA	3.8968
IDS28:250048002	26.71451659	74.0847	15.0622	2.3896
IDS69:250040148	25.22434058	77.0575	12.636	2.9066
IDS91:250040055	25.62691097	72.8644	13.7549	3.649
Il101:250040093	21.84558236	67.6639	14.9426	4.1572
Il14H:250040821	24.1742075	69.5052	16.2641	3.3881
Il677a:250040074	25.83716026	76.0879	13.2885	NA
K148:250040184	25.18314082	77.1847	15.0639	3.3049
K4:250040162	25.99637184	81.739	13.3272	3.2063
K55:250047986	25.62927918	76.2529	14.7418	3.2844
K64:250040197	23.65074546	81.2015	12.2958	3.1853
Ki11:250040812	22.31467428	88.3352	14.1615	3.5811
Ki14:250047943	26.16664777	94.8464	14.1494	NA
Ki2021:250040139	28.86324567	94.7581	14.9094	2.9435
Ki21:250040067	23.30457567	83.906	12.8002	2.925
Ki3:250040831	23.65072558	85.4793	13.1387	2.5572
Ki43:250040196	20.20254425	85.8236	15.1251	2.154
Ki44:250040152	24.09813963	87.2023	14.3067	2.054
Ky21:250040813	26.71703272	80.9142	13.7732	3.2802
KY226:250040192	24.54376854	80.0678	14.7633	3.2586
KY228:250040205	27.27689215	79.8984	14.1423	3.4652
L317:250047944	25.8901006	76.3518	13.5525	3.3615
L578:250040048	21.34181114	87.2289	15.8542	2.9535
M14:250047977	22.2502239	70.932	15.4062	3.236
M162W:250040834	21.35518465	85.5768	12.7418	3.5399
M37W:250040826	23.66607168	79.5016	14.4466	3.0583
MEF156-55-2:250040202	21.51261084	64.3146	15.1889	3.7104
Mo17:250020994	16.36765977	72.7428	13.6972	3.0714
Mo18W:250040814	30.20706714	86.9676	12.7051	2.5322
MO1W:250040219	19.63799119	75.6329	14.3926	2.9182
Mo24W:250040043	26.09813522	78.26	12.6018	2.8247
Mo44:250040050	17.70728371	73.2791	13.2028	3.3657
Mo45:250040213	20.90866996	75.5259	13.09	2.3912
Mo46:250040028	23.0263285	76.1354	14.5503	2.2691
Mo47:250040136	24.66142952	70.756	13.256	3.0888
MoG:250040000	23.24070412	78.206	14.2789	3.0533
Mp339:250040217	18.69647475	83.2418	15.2613	3.1104
MS1334:250040085	18.88988236	65.1052	15.0222	3.2388
MS153:250040218	22.19492315	70.6038	13.7949	3.3382
MS71:250040817	22.89330315	71.6186	13.97	3.1917
Mt42:250040078	20.94337355	61.7178	14.202	2.2675
N192:250040210	17.63676372	68.058	14.9275	2.7277
N28Ht:250040201	22.30914618	75.2583	12.6785	2.8827
N6:250040002	23.84254361	72.6026	13.3741	2.1156
N7A:250040820	21.88324376	74.0413	13.8254	2.6164
NC222:250040183	26.11003784	83.7367	14.524	1.7702
NC230:250047946	23.74718698	79.0367	12.5638	2.7042
NC232:250040051	25.18452108	79.1899	14.0955	3.1751
NC236:250040160	29.13303129	83.6959	12.4989	3.5738
NC238:250040132	27.16655453	87.4369	12.8165	3.2829
NC250:250047923	15.86739164	74.7598	13.7314	3.109
NC258:250040216	20.03620421	80.9409	12.6373	2.62
NC260:250040024	20.62761828	75.9434	14.1273	3.4477
NC262:250039773	17.86171941	70.7831	11.4622	2.2474
NC264:250040075	25.78999993	77.403	13.6406	2.4628
NC290A:250047937	17.79535977	77.9386	12.2071	2.8751
NC294:250040036	17.60156549	75.938	13.089	3.0427
NC296:250040053	22.98141129	81.5742	12.3975	2.3625
NC296A:250040056	20.94296523	82.25	12.2275	2.9053
NC298:250047971	24.28818326	82.753	14.4212	3.4739
NC300:250047982	19.71994454	84.3887	13.9621	2.7474
NC302:250040180	24.38143233	78.753	12.129	2.1428
NC304:250040169	24.69199621	80.7931	13.2505	2.74
NC306:250040076	23.68423796	77.6159	13.9734	2.95
NC310:250040065	21.3800881	75.523	13.6411	2.3913
NC314:250040194	20.31553342	75.5002	14.1138	3.5461
NC318:250047989	30.62649695	80.7543	14.106	2.2333
NC320:250047967	28.61914998	80.8869	14.2362	2.1996
NC324:250040069	20.24825872	76.9135	12.8466	3.8483
NC326:250040166	18.59618571	76.8803	13.6676	3.018
NC328:250039757	18.18546345	76.3595	13.0514	2.4236
NC33:250040089	26.18179584	83.223	16.1792	3.1403
NC336:250040052	25.24543461	84.4267	13.2385	2.0239
NC338:250047953	25.14444264	83.7347	13.0389	2.2911
NC340:250040057	22.36449266	81.8912	13.6617	2.5919
NC342:250040007	20.70408384	76.4067	13.3775	2.6674
NC344:250040004	21.74191055	78.8329	12.2115	2.9109
NC346:250040189	23.2277267	82.344	13.603	2.2939
NC348:250040064	23.5267833	80.7446	13.6979	3.6444
NC350:250040836	23.33018764	82.0914	15.1597	2.5062
NC352:250040179	25.0406058	84.4766	12.6012	2.3346
NC354:250040079	25.6887813	83.4734	14.2168	2.498
NC356:250047939	23.92835643	80.5529	13.0281	2.0904
NC358:250040819	25.87577472	77.5552	12.5039	1.8987
NC360:250040155	18.79007323	82.5742	13.3007	2.6234
NC362:250040220	17.73240502	77.7561	12.4616	2.3064
NC364:250047976	17.6846296	75.9142	12.6716	2.5762
NC366:250040172	25.24779771	84.3074	13.3841	2.7934
NC368:250039784	20.85900592	77.8869	14.3335	3.0371
ND246:250040045	22.85625467	61.9532	15.2299	3.6138
Oh40B:250047980	20.42623737	74.0546	14.4247	3.1532
Oh43:250040825	17.76650244	70.6473	13.2442	2.9271
Oh43E:250039798	15.24480677	71.7552	14.7121	3.1136
Oh603:250047972	21.3715182	78.1499	14.8822	1.9211
OH7B:250040830	20.24763357	83.0109	14.81	3.5376
Os420:250047960	20.86911833	72.3912	15.3416	2.8109
P39:250040828	22.82885957	65.1177	17.1723	4.3892
Pa762:250040188	15.73295317	75.744	14.3223	2.9383
Pa875:250039820	27.42716787	75.9763	14.3352	3.0406
Pa880:250040824	25.92983544	75.8185	14.7568	3.6137
Pa91:250040163	22.77927904	76.2198	15.6241	3.2825
R109B:250047926	21.23969803	74.7781	NA	3.6093
R168:250047929	22.69787959	71.807	15.3295	3.2912
R177:250040072	19.79883213	73.7613	13.1248	1.963
R229:250040041	18.86306233	76.5128	14.433	3.3867
R4:250040086	20.96451032	75.4267	16.4293	2.8294
SA24:250040033	25.44243578	78.2602	12.6508	2.1055
SC213R:250047978	24.62522709	89.1016	14.3674	3.0504
SC357:250040094	28.34656808	83.5126	14.5512	2.9558
SC55:250040090	30.64362441	86.532	14.149	2.7309
SD40:250040070	23.02844989	74.404	14.1921	3.3308
SD44:250040030	22.74705069	67.59	15.6525	2.6428
Sg1533:250040200	27.87885	76.3595	14.1167	2.5085
Sg18:250047958	30.07181609	76.9191	13.8114	3.3205
T232:250040156	26.13669223	80.2435	13.3993	2.7682
T234:250040008	25.27775153	80.9816	13.9189	3.0732
T8:250040060	25.24943711	77.3434	14.3104	2.6028
Tx303:250040816	29.4401703	82.5951	12.8742	2.782
Tx601:250040059	26.55915749	89.0878	14.223	2.5534
Tzi10:250040038	28.64648443	92.2354	14.5001	3.5959
Tzi11:250040092	25.81383483	82.0389	12.691	2.5335
Tzi16:250040058	29.81585517	82.8564	12.5022	3.5343
Tzi18:250040049	27.27971802	85.0143	14.9272	2.1582
Tzi25:250047965	28.82345202	82.2929	12.7458	3.0555
Tzi8:250040823	24.62399245	88.7131	15.3344	NA
Tzi9:250040017	27.93021884	84.5216	12.5349	3.4107
U267Y:250040221	17.35388542	85.573	13.4894	3.4306
VA102:250040204	19.07219404	71.7411	12.6554	2.3689
Va14:250040022	23.86847859	77.9785	15.5084	3.3096
Va17:250040077	16.20368583	76.1431	14.0362	2.9917
Va22:250048010	25.71092181	76.4844	16.2107	2.2583
Va26:250040214	26.50696539	73.3091	14.143	2.8866
Va35:250047974	19.9739878	74.6919	12.9606	2.6737
Va59:250039780	22.07228088	72.2783	14.7404	2.6305
Va85:250040165	13.42121948	74.443	13.5198	2.763
Va99:250048001	22.28259978	73.8772	13.3713	3.1778
VaW6:250040082	18.16659181	75.5219	13.1854	2.5501
W117Ht:250047949	20.47766183	65.581	13.1711	4.1781
W153R:250048003	20.5839756	71.1863	14.1373	2.9868
W182B:250048007	21.32617335	64.293	14.6939	3.1162
W22:250040808	22.84261656	74.6492	13.6952	3.5309
W22R-r-std_CS-2909-1:250040186	20.84937295	72.9056	13.3559	3.9478
W64A:250040195	21.16419168	71.9008	14.0349	NA
WD:250047935	21.54881861	62.0212	NA	3.7029
Wf9:250040168	24.00675008	71.997	13.6848	2.3896
Yu796_NS:250040150	22.58229194	74.5107	13.1903	4.0574